/*
AutoCAD Constants

## License

Copyright (c) 2017 Z3 Development https://github.com/z3dev

All code released under MIT license
*/

//
// translate group codes to names for use as object attributes
//
let dxfTLA = [
  [0  , 'etyp'], [1 , 'text'], [2 , 'name'], [3 , 'nam1'],
  [5  , 'hdle'], [6 , 'ltyp'], [7 , 'lsty'], [8 , 'lnam'], [9 , 'vari'],
  [10 , 'pptx'], [11, 'sptx'], [12, 'tptx'], [13, 'fptx'],
  [20 , 'ppty'], [21, 'spty'], [22, 'tpty'], [23, 'fpty'],
  [30 , 'pptz'], [31, 'sptz'], [32, 'tptz'], [33, 'fptz'],
  [38 , 'elev'], [39, 'lthk'],
  [40 , 'swid'], [41, 'ewid'], [42, 'bulg'], [43, 'cwid'],
  [48 , 'lscl'],
  [50 , 'ang0'], [51, 'ang1'],
  [60 , 'visb'], [62, 'cnmb'],
  [67 , 'spac'],
  [70 , 'lflg'], [71, 'fvia'], [72, 'fvib'], [73, 'fvic'], [74, 'fvid'],
  [75 , 'cflg'],
  [90 , 'vlen'], [91, 'slen'], [92, 'plen'], [93, 'flen'], [94, 'elen'],
  [95 , 'clen'],
  [100, 'sbnm'],
  [210, 'etrx'],
  [220, 'etry'],
  [230, 'etrz']
]

let dxfMap = new Map(dxfTLA)

const getTLA = function (group) {
  return dxfMap.get(group)
}

/*
 * AutoCAD Drawing Units
 */
const drawingUnits = [
  [0, 'none'],
  [1, 'inches'],
  [2, 'feet'],
  [3, 'miles'],
  [4, 'millimeters'],
  [5, 'centimeters'],
  [6, 'meters'],
  [7, 'kilometers'],
  [8, 'microinches'],
  [9, 'mils'],
  [10, 'yards'],
  [11, 'angstroms'],
  [12, 'nanometers'],
  [13, 'microns'],
  [14, 'decimeters'],
  [15, 'dekameters'],
  [16, 'hectometers'],
  [17, 'gigameters'],
  [18, 'astrounits'],
  [19, 'lightyears'],
  [20, 'parsecs']
]

/*
 * AutoCAD Color Index (0-255) as RGB + ALPHA colors
 */

const colorIndex = [
  [255, 0, 0, 255],
  [255, 255, 0, 255],
  [0, 255, 0, 255],
  [0, 255, 255, 255],
  [0, 0, 255, 255],
  [255, 0, 255, 255],
  [255, 255, 255, 255],
  [128, 128, 128, 255],
  [192, 192, 192, 255],
  [255, 0, 0, 255],
  // 10
  [255, 127, 127, 255],
  [165, 0, 0, 255],
  [165, 82, 82, 255],
  [127, 0, 0, 255],
  [127, 63, 63, 255],
  [76, 0, 0, 255],
  [76, 38, 38, 255],
  [38, 0, 0, 255],
  [38, 19, 19, 255],
  [255, 63, 0, 255],
  // 20
  [255, 159, 127, 255],
  [165, 41, 0, 255],
  [165, 103, 82, 255],
  [127, 31, 0, 255],
  [127, 79, 63, 255],
  [76, 19, 0, 255],
  [76, 47, 38, 255],
  [38, 9, 0, 255],
  [38, 23, 19, 255],
  [255, 127, 0, 255],
  // 30
  [255, 191, 127, 255],
  [165, 82, 0, 255],
  [165, 124, 82, 255],
  [127, 63, 0, 255],
  [127, 95, 63, 255],
  [76, 38, 0, 255],
  [76, 57, 38, 255],
  [38, 19, 0, 255],
  [38, 28, 19, 255],
  [255, 191, 0, 255],
  // 40
  [255, 223, 127, 255],
  [165, 124, 0, 255],
  [165, 145, 82, 255],
  [127, 95, 0, 255],
  [127, 111, 63, 255],
  [76, 57, 0, 255],
  [76, 66, 38, 255],
  [38, 28, 0, 255],
  [38, 33, 19, 255],
  // 50
  [255, 255, 0, 255],
  [255, 255, 127, 255],
  [165, 165, 0, 255],
  [165, 165, 82, 255],
  [127, 127, 0, 255],
  [127, 127, 63, 255],
  [76, 76, 0, 255],
  [76, 76, 38, 255],
  [38, 38, 0, 255],
  [38, 38, 19, 255],
  // 60
  [191, 255, 0, 255],
  [223, 255, 127, 255],
  [124, 165, 0, 255],
  [145, 165, 82, 255],
  [95, 127, 0, 255],
  [111, 127, 63, 255],
  [57, 76, 0, 255],
  [66, 76, 38, 255],
  [28, 38, 0, 255],
  [33, 38, 19, 255],
  // 70
  [127, 255, 0, 255],
  [191, 255, 127, 255],
  [82, 165, 0, 255],
  [124, 165, 82, 255],
  [63, 127, 0, 255],
  [95, 127, 63, 255],
  [38, 76, 0, 255],
  [57, 76, 38, 255],
  [19, 38, 0, 255],
  [28, 38, 19, 255],
  // 80
  [63, 255, 0, 255],
  [159, 255, 127, 255],
  [41, 165, 0, 255],
  [103, 165, 82, 255],
  [31, 127, 0, 255],
  [127, 63, 255],
  [19, 76, 0, 255],
  [47, 76, 38, 255],
  [9, 38, 0, 255],
  [23, 38, 19, 255],
  // 90
  [0, 255, 0, 255],
  [127, 255, 127, 255],
  [0, 165, 0, 255],
  [82, 165, 82, 255],
  [0, 127, 0, 255],
  [63, 127, 63, 255],
  [0, 76, 0, 255],
  [38, 76, 38, 255],
  [0, 38, 0, 255],
  [19, 38, 19, 255],
  // 100
  [0, 255, 63, 255],
  [127, 255, 159, 255],
  [0, 165, 41, 255],
  [82, 165, 103, 255],
  [0, 127, 31, 255],
  [63, 127, 79, 255],
  [0, 76, 19, 255],
  [38, 76, 47, 255],
  [0, 38, 9, 255],
  [19, 38, 23, 255],
  // 110
  [0, 255, 127, 255],
  [127, 255, 191, 255],
  [0, 165, 82, 255],
  [82, 165, 124, 255],
  [0, 127, 63, 255],
  [63, 127, 95, 255],
  [0, 76, 38, 255],
  [38, 76, 57, 255],
  [0, 38, 19, 255],
  [19, 38, 28, 255],
  // 120
  [0, 255, 191, 255],
  [127, 255, 223, 255],
  [0, 165, 124, 255],
  [82, 165, 145, 255],
  [0, 127, 95, 255],
  [63, 127, 111, 255],
  [0, 76, 57, 255],
  [38, 76, 66, 255],
  [0, 38, 28, 255],
  [19, 38, 33, 255],
  // 130
  [0, 255, 255, 255],
  [127, 255, 255, 255],
  [0, 165, 165, 255],
  [82, 165, 165, 255],
  [0, 127, 127, 255],
  [63, 127, 127, 255],
  [0, 76, 76, 255],
  [38, 76, 76, 255],
  [0, 38, 38, 255],
  [19, 38, 38, 255],
  // 140
  [0, 191, 255, 255],
  [127, 223, 255, 255],
  [0, 124, 165, 255],
  [82, 145, 165, 255],
  [0, 95, 127, 255],
  [63, 111, 127, 255],
  [0, 57, 76, 255],
  [38, 66, 76, 255],
  [0, 28, 38, 255],
  [19, 33, 38, 255],
  // 150
  [0, 127, 255, 255],
  [127, 191, 255, 255],
  [0, 82, 165, 255],
  [82, 124, 165, 255],
  [0, 63, 127, 255],
  [63, 95, 127, 255],
  [0, 38, 76, 255],
  [38, 57, 76, 255],
  [0, 19, 38, 255],
  [19, 28, 38, 255],
  // 160
  [0, 63, 255, 255],
  [127, 159, 255, 255],
  [0, 41, 165, 255],
  [82, 103, 165, 255],
  [0, 31, 127, 255],
  [63, 79, 127, 255],
  [0, 19, 76, 255],
  [38, 47, 76, 255],
  [0, 9, 38, 255],
  [19, 23, 38, 255],
  // 170
  [0, 0, 255, 255],
  [127, 127, 255, 255],
  [0, 0, 165, 255],
  [82, 82, 165, 255],
  [0, 0, 127, 255],
  [63, 63, 127, 255],
  [0, 0, 76, 255],
  [38, 38, 76, 255],
  [0, 0, 38, 255],
  [19, 19, 38, 255],
  // 180
  [63, 0, 255, 255],
  [159, 127, 255, 255],
  [41, 0, 165, 255],
  [103, 82, 165, 255],
  [31, 0, 127, 255],
  [79, 63, 127, 255],
  [19, 0, 76, 255],
  [47, 38, 76, 255],
  [9, 0, 38, 255],
  [23, 19, 38, 255],
  // 190
  [127, 0, 255, 255],
  [191, 127, 255, 255],
  [82, 0, 165, 255],
  [124, 82, 165, 255],
  [63, 0, 127, 255],
  [95, 63, 127, 255],
  [38, 0, 76, 255],
  [57, 38, 76, 255],
  [19, 0, 38, 255],
  [28, 19, 38, 255],
  // 200
  [191, 0, 255, 255],
  [223, 127, 255, 255],
  [124, 0, 165, 255],
  [145, 82, 165, 255],
  [95, 0, 127, 255],
  [111, 63, 127, 255],
  [57, 0, 76, 255],
  [66, 38, 76, 255],
  [28, 0, 38, 255],
  [33, 19, 38, 255],
  // 210
  [255, 0, 255, 255],
  [255, 127, 255, 255],
  [165, 0, 165, 255],
  [165, 82, 165, 255],
  [127, 0, 127, 255],
  [127, 63, 127, 255],
  [76, 0, 76, 255],
  [76, 38, 76, 255],
  [38, 0, 38, 255],
  [38, 19, 38, 255],
  // 220
  [255, 0, 191, 255],
  [255, 127, 223, 255],
  [165, 0, 124, 255],
  [165, 82, 145, 255],
  [127, 0, 95, 255],
  [127, 63, 111, 255],
  [76, 0, 57, 255],
  [76, 38, 66, 255],
  [38, 0, 28, 255],
  [38, 19, 33, 255],
  // 230
  [255, 0, 127, 255],
  [255, 127, 191, 255],
  [165, 0, 82, 255],
  [165, 82, 124, 255],
  [127, 0, 63, 255],
  [127, 63, 95, 255],
  [76, 0, 38, 255],
  [76, 38, 57, 255],
  [38, 0, 19, 255],
  [38, 19, 28, 255],
  // 240
  [255, 0, 63, 255],
  [255, 127, 159, 255],
  [165, 0, 41, 255],
  [165, 82, 103, 255],
  [127, 0, 31, 255],
  [127, 63, 79, 255],
  [76, 0, 19, 255],
  [76, 38, 47, 255],
  [38, 0, 9, 255],
  [38, 19, 23, 255],
  // 250
  [84, 84, 84, 255],
  [118, 118, 118, 255],
  [160, 160, 160, 255],
  [192, 192, 192, 255],
  [224, 224, 224, 255],
  [0, 0, 0, 255]
]

const BYBLOCK = 0
const BYLAYER = 256

module.exports = {
  colorIndex,
  BYBLOCK,
  BYLAYER,
  getTLA
}
